                   (-8.16282762498565e-10,0)  (4.36848880327111e-09,9.90345347556538e-09)
(4.36848880327111e-09,-9.90345347556538e-09)                     (8.30169817908695e-10,0)
                   (0.000982558042426515,0) (0.000941364728352189,-0.00394091002119551)
 (0.000941364728352189,0.00394091002119551)                   (-0.000982558042426515,0)
                   (1.78735222695863e-12,0) (4.76704442598526e-10,-2.9559033636025e-11)
 (4.76704442598526e-10,2.9559033636025e-11)                   (-1.69596802696795e-12,0)
                   (-1.93683373654827e-07,0)  (7.43838858756653e-07,6.77892729169362e-08)
(7.43838858756653e-07,-6.77892729169362e-08)                    (-4.85701849016257e-06,0)
                     (6.17836960265041e-07,0) (-1.27401971882809e-06,-2.60162951113803e-06)
 (-1.27401971882809e-06,2.60162951113803e-06)                     (-6.65511810447994e-07,0)
                    (1.07793969552984e-10,0) (-1.03982854401194e-09,-1.3132088437059e-09)
 (-1.03982854401194e-09,1.3132088437059e-09)                    (-1.10386881150152e-10,0)
                   (-5.87394908805417e-06,0)  (3.43921845644556e-05,1.46848735593426e-06)
(3.43921845644556e-05,-1.46848735593426e-06)                    (-0.000175119132801038,0)
                  (-0.000325041794746726,0)  (0.00142904651302513,4.87562598852007e-05)
(0.00142904651302513,-4.87562598852007e-05)                    (-0.00438576639666281,0)
                     (1.00477271177785e-08,0) (-3.33050292153587e-08,-4.33144186072007e-08)
 (-3.33050292153587e-08,4.33144186072007e-08)                     (-1.11663016023663e-08,0)
                     (1.85777568543887e-08,0) (-1.39143690645604e-07,-7.43111026091652e-09)
 (-1.39143690645604e-07,7.43111026091652e-09)                      (7.35921955482309e-07,0)
                   (-8.19359121586345e-08,0)  (2.21811780997978e-07,3.49118054427059e-07)
(2.21811780997978e-07,-3.49118054427059e-07)                     (8.96085914371764e-08,0)
                   (-1.70822202863727e-06,0)  (3.77479684624027e-05,1.37029040915263e-05)
(3.77479684624027e-05,-1.37029040915263e-05)                     (1.70822202863727e-06,0)
                    (-1.23434185316763e-08,0)  (-1.69569953024678e-07,1.00867142834376e-07)
(-1.69569953024678e-07,-1.00867142834376e-07)                      (1.25857950886357e-08,0)
                     (5.37843991268793e-09,0) (-4.33923723924499e-09,-6.49855452924445e-08)
 (-4.33923723924499e-09,6.49855452924445e-08)                     (-5.42306565032378e-09,0)
                     (0.00249516515830673,0) (-0.00851615665419558,-0.000249516486447009)
 (-0.00851615665419558,0.000249516486447009)                       (0.0185704213579788,0)
                    (5.64172589122847e-11,0) (2.66237319974571e-10,-4.69489464409087e-10)
 (2.66237319974571e-10,4.69489464409087e-10)                    (-5.90439143168675e-11,0)
                   (-1.29875534638411e-11,0)  (1.92472549985221e-10,1.58871681952183e-10)
(1.92472549985221e-10,-1.58871681952183e-10)                     (1.33840435505904e-11,0)
                     (5.1836129341879e-08,0) (1.19308931660003e-06,-4.20999295235486e-07)
 (1.19308931660003e-06,4.20999295235486e-07)                    (-5.20523036284127e-08,0)
                     (2.3401966086256e-09,0) (2.24378838039416e-08,-1.92404759134552e-08)
 (2.24378838039416e-08,1.92404759134552e-08)                    (-2.40745577530634e-09,0)
                     (2.85576245603352e-10,0) (-5.58105945519041e-10,-1.25963907221518e-09)
 (-5.58105945519041e-10,1.25963907221518e-09)                     (-3.06811542270362e-10,0)
                   (-4.29756508812685e-06,0)  (6.45178343269102e-06,1.78815984861631e-05)
(6.45178343269102e-06,-1.78815984861631e-05)                     (4.56905739079167e-06,0)
                     (6.69457124285356e-11,0) (-2.02434326052571e-09,-1.07403089680771e-09)
 (-2.02434326052571e-09,1.07403089680771e-09)                     (-6.69457124285356e-11,0)
                     (2.83054909365289e-05,0) (-2.64828078273906e-05,-0.000116360120016356)
 (-2.64828078273906e-05,0.000116360120016356)                      (-2.9687694725028e-05,0)
                  (-0.0196756186830007,0)  (0.049712354625443,0.000983780870905996)
(0.049712354625443,-0.000983780870905996)                   (-0.0678038345982143,0)
                   (-6.89864174095481e-10,0)  (2.55212103150642e-12,4.48412320819229e-10)
(2.55212103150642e-12,-4.48412320819229e-10)                     (7.51901276549671e-10,0)
                    (-6.11603095174232e-08,0)  (-7.65897864907926e-06,4.93669798424297e-07)
(-7.65897864907926e-06,-4.93669798424297e-07)                       (5.6511072064164e-08,0)
                   (-1.35858599168257e-09,0)  (4.14015944153641e-09,5.92461341741369e-09)
(4.14015944153641e-09,-5.92461341741369e-09)                     (1.50741575566055e-09,0)
                    (-3.91900118551473e-10,0)  (-2.63571148676909e-09,3.24169384904614e-09)
(-2.63571148676909e-09,-3.24169384904614e-09)                      (4.06197319188884e-10,0)
                  (1.15133598874078e-08,0) (2.738778286209e-08,-5.18102299874988e-09)
 (2.738778286209e-08,5.18102299874988e-09)                  (-1.19295009953814e-07,0)
                     (9.98255099133891e-07,0) (-4.93987193471036e-06,-2.99476764207476e-07)
 (-4.93987193471036e-06,2.99476764207476e-07)                      (3.04135039624194e-05,0)
                    (-2.45437879806348e-08,0)  (-1.35371929281216e-07,2.95325637359876e-07)
(-1.35371929281216e-07,-2.95325637359876e-07)                      (2.45437879806348e-08,0)
                    (8.51773602436273e-10,0) (-2.9808748194898e-09,-4.68476285131279e-10)
 (-2.9808748194898e-09,4.68476285131279e-10)                    (-3.96517835148334e-09,0)
                     (4.23831738293472e-05,0) (-0.000228424210014061,-8.47663295720643e-06)
 (-0.000228424210014061,8.47663295720643e-06)                      (0.000921112538212535,0)
                     (0.800899774302721,0) (-0.312267619633295,-4.03133767420288e-10)
 (-0.312267619633295,4.03133767420288e-10)                      (0.199100225697264,0)
                   (-0.000177572945208378,0)  (3.59458240053629e-05,0.000721100184570919)
(3.59458240053629e-05,-0.000721100184570919)                     (0.000182888440040528,0)
                    (1.01201264496638e-09,0) (1.20264127829577e-09,-6.07208461395873e-10)
 (1.20264127829577e-09,6.07208461395873e-10)                    (-5.09084350430128e-10,0)
                   (-6.74610893367689e-11,0)  (1.95227575594868e-10,3.00935019019034e-10)
(1.95227575594868e-10,-3.00935019019034e-10)                       (7.199400762386e-11,0)
                    (-6.92651077253506e-09,0)  (-6.72805713049892e-10,3.46326162396631e-09)
(-6.72805713049892e-10,-3.46326162396631e-09)                      (2.35016243859681e-08,0)
