-0.000534909606770745 -0.000615156739863977
-0.000615156739863977  0.000576982992765053
-2.92287429168073e-08  1.04789678013002e-07
 1.04789678013002e-07  2.95262994238568e-08
  2.8051398192359e-09 -9.20667755466295e-09
-9.20667755466295e-09 -2.84043117546798e-09
 6.53557964905211e-10 -1.17970723640214e-09
-1.17970723640214e-09 -6.71730270725142e-10
-2.45992633635553e-10  9.26109251569005e-10
 9.26109251569005e-10  2.46248066581897e-10
 0.00120697521769201   0.0010635217680706
  0.0010635217680706 -0.00129761919203932
-6.03843508559335e-06 -3.35162673231246e-05
-3.35162673231246e-05  6.04109132025243e-06
-1.37280827960034e-06  2.99053349786106e-05
 2.99053349786106e-05  1.37280827960034e-06
 4.41463912621048e-08 -4.55224081240164e-08
-4.55224081240164e-08 -4.41965392154908e-08
-0.0103614453869759  0.0212828815508595
 0.0212828815508595 -0.0773518058830346
  7.2311720879143e-07  1.83869249515684e-05
 1.83869249515684e-05 -1.38052137283251e-06
 1.74029761787933e-09   2.2377848716886e-08
  2.2377848716886e-08 -1.62299908851139e-09
 8.41657460637859e-06 -2.43456514769025e-06
-2.43456514769025e-06 -8.47191762038835e-06
-8.64359114530285e-11  -8.0464259983559e-09
 -8.0464259983559e-09  7.03130134955135e-11
-1.22303966805765e-10  2.15454804423021e-09
 2.15454804423021e-09  1.23148109021531e-10
-8.92557460019555e-09  7.93223776360051e-09
 7.93223776360051e-09  8.97367222401307e-09
 0.000182631402181535 -4.55294968806742e-05
-4.55294968806742e-05 -0.000205433193045703
 2.02938526301556e-08  3.51514011004929e-07
 3.51514011004929e-07 -2.00921270055584e-08
 2.09520060792025e-09 -9.31035011674064e-09
-9.31035011674064e-09  -2.7182118695686e-09
 6.91222665996041e-08  1.38704717442371e-06
 1.38704717442371e-06 -6.28969308796775e-08
-1.72509492870822e-06  4.09659277709622e-07
 4.09659277709622e-07  2.02657029658836e-06
-7.94376416281919e-05 -0.000134684096227041
-0.000134684096227041  8.42920005951136e-05
 1.10053460209111e-08  1.95695810895224e-07
 1.95695810895224e-07 -1.00002716227978e-08
-3.35058540058135e-06 -4.62403070914538e-05
-4.62403070914538e-05  3.37520491835107e-06
5.73784818027546e-08 2.96765265698703e-08
2.96765265698703e-08 -5.8337319103592e-08
-1.87319003491612e-07 -3.39896991552896e-06
-3.39896991552896e-06  1.74129853198945e-07
-1.42118416719259e-07  1.25762595672543e-07
 1.25762595672543e-07  1.72053073277161e-07
 5.13353577055546e-07 -2.55638697731832e-07
-2.55638697731832e-07 -6.10818413291413e-07
 3.77368228833237e-07  8.43957060575597e-07
 8.43957060575597e-07 -3.85783004937881e-07
 4.91298090821807e-11  2.98478882938272e-09
 2.98478882938272e-09 -4.91660075685485e-11
 2.38117594710735e-10  1.96126933246081e-08
 1.96126933246081e-08 -2.00548583231488e-10
 0.00159340028403583  0.00149594500045724
 0.00149594500045724 -0.00171847348889632
 6.09157048285977e-10 -5.68084758223878e-11
-5.68084758223878e-11 -6.11518508642294e-10
-4.45740476449265e-09 -6.79604782716315e-08
-6.79604782716315e-08  4.10124313405177e-09
-9.24579446438029e-09 -1.89984317818051e-08
-1.89984317818051e-08  9.59165964533611e-09
 3.24911520992765e-11  1.28554219849085e-09
 1.28554219849085e-09 -3.19741134152811e-11
 0.743430539991189 -0.248161662739157
-0.248161662739157  0.256569460008807
 0.000779030068623479  0.000754221577042059
 0.000754221577042059 -0.000779030068623479
 2.78118592290681e-08 -2.22436708774912e-07
-2.22436708774912e-07 -2.82752679122935e-08
 4.08714626711419e-05  1.17837413312879e-06
 1.17837413312879e-06 -4.68249354092646e-05
-1.16287190355744e-07 -3.84620226508907e-06
-3.84620226508907e-06  1.12548294431886e-07
-0.000113285477655752 -0.000692166052794028
-0.000692166052794028  0.000133076320409326
 3.34672026433605e-06  2.83313713573841e-05
 2.83313713573841e-05 -3.32021594064088e-06
-1.16646346185001e-06 -2.61726081769898e-06
-2.61726081769898e-06  1.19383637531668e-06
-8.55676046974983e-11 -2.11930561755304e-09
-2.11930561755304e-09  8.50138106737129e-11
-0.00338925112726541 -0.00243968096948467
-0.00243968096948467  0.00396459897990633
  0.00651161369807329 -0.000103190160950339
-0.000103190160950339    0.0155701889054171
5.24137561601638e-07 7.78877830938327e-06
7.78877830938327e-06 -5.0028822450681e-07
-5.76345026657104e-11  1.49145162946655e-10
 1.49145162946655e-10  5.78686241233231e-11
-1.94150004227899e-08 -1.08808946661879e-07
-1.08808946661879e-07  1.94150004227899e-08
-1.53706644959834e-07 -1.09046279894203e-07
-1.09046279894203e-07  1.56112593598259e-07
-2.70677546869104e-08  -5.3495147496574e-07
 -5.3495147496574e-07  2.44484354998524e-08
-6.33103310173558e-10  -6.8962763965968e-09
 -6.8962763965968e-09  5.97057971351195e-10
-1.60032563807137e-09  7.02060372166463e-11
 7.02060372166463e-11  1.60628797627497e-09
-0.000229488556462548  0.000217263876825878
 0.000217263876825878  0.000253280853600729
 1.66897355397395e-10  2.17353753200527e-09
 2.17353753200527e-09 -1.66586011841132e-10
-8.63844080931048e-07 -3.93255178891992e-07
-3.93255178891992e-07  8.78140403254359e-07
  3.6474032946002e-08 -5.34011756843704e-08
-5.34011756843704e-08 -4.52423833959917e-08
-8.32253320784601e-05  6.58323711997976e-05
 6.58323711997976e-05  8.74370924675937e-05
-8.59129596074425e-09  2.09301688679068e-08
 2.09301688679068e-08  1.10413866879402e-08
  2.8719066510171e-05  5.52671736530394e-05
 5.52671736530394e-05 -3.00974470346759e-05
-1.07528691467053e-11 -6.61289076615299e-10
-6.61289076615299e-10  1.04142721684174e-11
3.48704894518819e-06 7.67005202120458e-06
7.67005202120458e-06 -3.5848083866461e-06
-1.55438346724453e-05 -2.42790202146989e-07
-2.42790202146989e-07  1.79382572342718e-05
-1.01305669968508e-05 -2.12193172044612e-05
-2.12193172044612e-05  1.04990683137308e-05
 5.40641705958985e-11 -1.60064950632384e-09
-1.60064950632384e-09 -5.40641705958985e-11
-2.00256114942789e-08 -3.49784426882232e-09
-3.49784426882232e-09  2.04015918876421e-08
 6.56146171410895e-09 -1.98437022610487e-09
-1.98437022610487e-09 -6.70495961194861e-09
 3.81600613673819e-07  2.72706694349728e-07
 2.72706694349728e-07 -3.87554797058989e-07
-1.25397950563204e-08 -1.53839003201851e-07
-1.53839003201851e-07  1.23361683532344e-08
 3.55883385771045e-09  8.93234378394015e-08
 8.93234378394015e-08 -3.41380315069128e-09
-2.02469174065871e-09  1.86115853290841e-09
 1.86115853290841e-09  2.07737295294967e-09
-8.96667210557231e-10 -4.41282666365809e-08
-4.41282666365809e-08  8.17360400237612e-10
 0.00196246391287202  0.00119263553538241
 0.00119263553538241 -0.00200330105393514
-1.41517250731605e-06 -1.62066858580575e-05
-1.62066858580575e-05  1.38184938857257e-06
 0.000212325669582215  0.000303269607623223
 0.000303269607623223 -0.000227749154473825
  5.3873274988919e-06 -3.85555515771554e-07
-3.85555515771554e-07 -6.26714764841494e-06
-9.50854907695407e-05  3.94752175148725e-06
 3.94752175148725e-06  0.000108086174320032
 9.11369203888206e-11 -4.51737126984693e-09
-4.51737126984693e-09 -9.21417206305335e-11
 9.78284680443542e-11  -6.8642248747836e-10
 -6.8642248747836e-10 -9.83455626584588e-11
-0.000119076663758129  0.000497463845400549
 0.000497463845400549   -0.0038586529819039
-1.91174844213886e-06   5.4932515393254e-05
  5.4932515393254e-05  2.00547746317136e-06
 3.30878398331212e-06 -2.24672111543115e-05
-2.24672111543115e-05 -3.39776109446473e-06
 3.49625460909194e-08  7.38982270649809e-08
 7.38982270649809e-08 -3.59304378350868e-08
-0.00214971035010778 -0.00139779493144622
-0.00139779493144622  0.00227009567915769
-2.32000969398339e-10  9.78984575799409e-11
 9.78984575799409e-11  2.33008790422221e-10
-2.85368144525611e-06  5.60677807649787e-06
 5.60677807649787e-06  2.91546296283461e-06
-1.17527778921233e-07 -2.57186888034262e-07
-2.57186888034262e-07  1.20329978504795e-07
 4.20382640472984e-11  3.07262466039085e-09
 3.07262466039085e-09 -3.56425593815234e-11
 3.53484529741984e-08  2.00769553698237e-07
 2.00769553698237e-07 -3.52091583559025e-08
-6.9747804667151e-08 -1.6799572375867e-07
-1.6799572375867e-07 6.99305135398056e-08
4.16061809433074e-12 3.75731853467024e-10
3.75731853467024e-10 3.09359436879123e-12
  3.9362022998994e-09 -1.16374968900016e-09
-1.16374968900016e-09 -3.95281118489884e-09
 1.79915681195742e-08 -3.41633640703107e-08
-3.41633640703107e-08  -1.8122847395662e-08
  1.7282259455093e-06   -4.455497825916e-07
  -4.455497825916e-07 -1.76021673358707e-06
 -9.2168462770135e-09 -1.54003175183188e-08
-1.54003175183188e-08  8.79877369510725e-09
