                    0 -0.000100621110719922
 0.000100621110719922                     0
                    0  2.68120686116193e-07
-2.68120686116193e-07                     0
                    0 -3.39943556176611e-08
 3.39943556176611e-08                     0
                    0 -4.06934872218838e-09
 4.06934872218838e-09                     0
                    0  2.92107206350405e-09
-2.92107206350405e-09                     0
                    0 -0.000115133266200203
 0.000115133266200203                     0
                   0  2.1109036779471e-05
-2.1109036779471e-05                    0
                    0  1.10060061298165e-05
-1.10060061298165e-05                     0
                    0 -4.03745979341989e-07
 4.03745979341989e-07                     0
                   0  0.00125211888108628
-0.00125211888108628                    0
                    0  8.51648293563883e-07
-8.51648293563883e-07                     0
                    0 -3.65931548718552e-09
 3.65931548718552e-09                     0
                    0 -3.40245212190441e-05
 3.40245212190441e-05                     0
                    0 -6.19422704944688e-10
 6.19422704944688e-10                     0
                    0  1.64781026305938e-09
-1.64781026305938e-09                     0
                    0  7.76818621773944e-08
-7.76818621773944e-08                     0
                    0 -0.000530777958281607
 0.000530777958281607                     0
                    0 -7.80337356985301e-08
 7.80337356985301e-08                     0
                    0 -1.33201166955745e-08
 1.33201166955745e-08                     0
                   0  1.4084117810508e-08
-1.4084117810508e-08                    0
                    0  4.54720608357433e-06
-4.54720608357433e-06                     0
                   0 -3.9685472948687e-05
 3.9685472948687e-05                    0
                    0 -5.83872614541679e-09
 5.83872614541679e-09                     0
                    0  5.11469261030713e-06
-5.11469261030713e-06                     0
                    0 -3.00218118316093e-07
 3.00218118316093e-07                     0
                    0  6.14986521348813e-08
-6.14986521348813e-08                     0
                    0  4.74577980339781e-07
-4.74577980339781e-07                     0
                    0 -1.50866508807493e-06
 1.50866508807493e-06                     0
                    0 -4.68469062495779e-08
 4.68469062495779e-08                     0
                    0 -3.32644597234257e-10
 3.32644597234257e-10                     0
                    0  1.40725666368204e-09
-1.40725666368204e-09                     0
                   0  0.00290511125559522
-0.00290511125559522                    0
                    0 -5.42456334876422e-09
 5.42456334876422e-09                     0
                    0  5.93082387174548e-09
-5.93082387174548e-09                     0
                  0  7.975946166328e-09
-7.975946166328e-09                   0
                    0 -2.99040810518568e-10
 2.99040810518568e-10                     0
                    0  0.000468831965638071
-0.000468831965638071                     0
                   0 -0.00312667518538907
 0.00312667518538907                    0
                    0 -2.92782101846818e-07
 2.92782101846818e-07                     0
                    0 -9.19258209181025e-05
 9.19258209181025e-05                     0
                   0  9.6517409783574e-07
-9.6517409783574e-07                    0
                   0 -0.00214052834718883
 0.00214052834718883                    0
                    0 -9.78070731526086e-06
 9.78070731526086e-06                     0
                   0 -1.3032873699564e-07
 1.3032873699564e-07                    0
                    0  8.95620736641708e-10
-8.95620736641708e-10                     0
                    0 -0.000698863687335373
 0.000698863687335373                     0
                   0 -0.00282289278020119
 0.00282289278020119                    0
                   0 -6.5397115612529e-07
 6.5397115612529e-07                    0
                    0  7.38096330280538e-10
-7.38096330280538e-10                     0
                    0  2.33672917067792e-07
-2.33672917067792e-07                     0
                    0  7.81694801225442e-07
-7.81694801225442e-07                     0
                    0 -2.39368372197852e-09
 2.39368372197852e-09                     0
                    0  1.74827334458054e-09
-1.74827334458054e-09                     0
                    0  1.40411741514663e-08
-1.40411741514663e-08                     0
                  0  0.0011461470456194
-0.0011461470456194                   0
                    0 -1.87739756467765e-09
 1.87739756467765e-09                     0
                    0  4.28518568792472e-06
-4.28518568792472e-06                     0
                    0 -1.41511669469013e-07
 1.41511669469013e-07                     0
                    0  0.000341007479186249
-0.000341007479186249                     0
                    0  4.04877771015031e-08
-4.04877771015031e-08                     0
                    0  1.50263095808327e-05
-1.50263095808327e-05                     0
                    0  7.55849821645405e-11
-7.55849821645405e-11                     0
                    0  1.08812155406996e-06
-1.08812155406996e-06                     0
                    0  3.54352370500049e-05
-3.54352370500049e-05                     0
                   0 -4.6218357228328e-06
 4.6218357228328e-06                    0
                    0 -8.67209006595131e-10
 8.67209006595131e-10                     0
                    0  1.08554234725089e-07
-1.08554234725089e-07                     0
                    0 -3.70499776448824e-08
 3.70499776448824e-08                     0
                    0 -1.90414121270391e-06
 1.90414121270391e-06                     0
                    0  7.26001591440922e-08
-7.26001591440922e-08                     0
                    0 -1.26904546114258e-08
 1.26904546114258e-08                     0
                    0  1.19653889989855e-08
-1.19653889989855e-08                     0
                    0 -4.69008831112396e-10
 4.69008831112396e-10                     0
                   0 -0.00363265583411051
 0.00363265583411051                    0
                    0  3.08342680319324e-06
-3.08342680319324e-06                     0
                    0  8.18447490797148e-05
-8.18447490797148e-05                     0
                    0 -1.30142165302115e-05
 1.30142165302115e-05                     0
                    0  0.000227088866758035
-0.000227088866758035                     0
                    0 -1.35751072507833e-09
 1.35751072507833e-09                     0
                    0 -1.27028842089795e-09
 1.27028842089795e-09                     0
                  0  0.0039391854061514
-0.0039391854061514                   0
                   0  1.6806148705255e-05
-1.6806148705255e-05                    0
                    0 -1.97260312490689e-05
 1.97260312490689e-05                     0
                    0 -2.22774608690001e-08
 2.22774608690001e-08                     0
                   0  0.00114195261831717
-0.00114195261831717                    0
                    0  2.10921118455658e-09
-2.10921118455658e-09                     0
                    0  1.50087333638758e-05
-1.50087333638758e-05                     0
                    0  4.45460890496242e-08
-4.45460890496242e-08                     0
                    0  1.38568167275745e-10
-1.38568167275745e-10                     0
                    0 -2.47420558078334e-07
 2.47420558078334e-07                     0
                    0  5.50201449330496e-07
-5.50201449330496e-07                     0
                    0 -1.34110635277238e-10
 1.34110635277238e-10                     0
                    0 -3.42454195676992e-08
 3.42454195676992e-08                     0
                    0 -1.58692728985977e-07
 1.58692728985977e-07                     0
                    0 -8.68652986063783e-06
 8.68652986063783e-06                     0
                    0  5.18379049268863e-08
-5.18379049268863e-08                     0
